{"name":"USDA-Soil-Texture","axes":{"t":"Clay","l":"Sand","r":"Silt"},"transform":"ternary","fields":{"sand":{"name":"Sand","poly":[[0,100,0],[10,90,0],[0,85,15]]},"loamy-sand":{"name":"Loamy Sand","poly":[[10,90,0],[0,85,15],[0,70,30],[15,85,0]]},"sandy-loam":{"name":"Sandy Loam","poly":[[0,70,30],[15,85,0],[20,80,0],[20,52.5,27.5],[7.5,52.5,40],[7.5,42.5,50],[0,50,50]]},"sandy-clay-loam":{"name":"Sandy Clay Loam","poly":[[20,80,0],[20,52.5,27.5],[27.5,45,27.5],[35,45,20],[35,65,0]]},"sandy-clay":{"name":"Sandy Clay","poly":[[35,45,20],[35,65,0],[55,45,0]]},"loam":{"name":"Loam","poly":[[20,52.5,27.5],[7.5,52.5,40],[7.5,42.5,50],[27.5,22.5,50],[27.5,45,27.5]]},"clay-loam":{"name":"Clay Loam","poly":[[27.5,20,52.5],[27.5,45,27.5],[40,45,15],[40,20,40]]},"clay":{"name":"Clay","poly":[[100,0,0],[55,45,0],[40,45,15],[40,20,40],[60,0,40]]},"silty-clay":{"name":"Silty Clay","poly":[[40,20,40],[60,0,40],[40,0,60]]},"silty-clay-loam":{"name":"Silty Clay Loam","poly":[[40,20,40],[40,0,60],[27.5,0,72.5],[27.5,20,52.5]]},"silt-loam":{"name":"Silt Loam","poly":[[27.5,0,72.5],[27.5,22.5,50],[0,50,50],[0,20,80],[12.5,7.5,80],[12.5,0,87.5]]},"silt":{"name":"Silt","poly":[[0,20,80],[12.5,7.5,80],[12.5,0,87.5],[0,0,100]]}}}